50 100 45 5
1111111111111111111111111111111111111111111111111111111111111111111111111111111111111111111111111111
1111001110001111111111111111110000111111111111111111111111001111111111111111111111111111111111111111
1110000000000111111111111111000000001111111111111111111110000111000000011111000011111111110011111111
1110000000000111111111001110000000000111110011111111111100000000000000000000000001111111100001111111
1110000000000111111110000000000000000111100001111111100000000000000000000000000001111111100001111111
1110000000000111111100000000000000000111100001111111000000000000000000000000000011111111000011111111
1100000000000111111000000000000000001111100001111110000000000000110000000000011111111000000111111111
1100000000001111111000000000000000001111000000111100000000000001110000000111111111110000000111111111
1110000000001111111000000000000000000111000000000000000000000001110000000111111111110000000111111111
1111000000000111110000000000000000000111000000000000000000000001100000000111111111110000000111111111
1111100000000000000000000000000000001111000000000000000000000000000000000011111111110000000111111111
1111110000000000000000000100000000011111000000000000001100000000000000000000111111100000000111111111
1111111110000000000000000000000000111110000000000000011110000000000000000000011110000000000111111111
1111111111000000000000000000000000111110000000000000011111000000000000000000001100000000000111111111
1111111111000000000000000000000000011110000000000000001111000000000000000000000000000000000111111111
1111111110000000000000000000000000011110000000000000001111000000000000000000000000000000000111111111
1111110000000000000000000000000000011111000000000000000111100000000000000000001111000000000011111111
1111100000000000000000000001111000111111000000110000000111100000000011000000011111100000000001111111
1111100000000000000000000011111100111111000001111000000011000000000111100000011111100000000000111111
1111000000000000000000000011111100011111100011111100000000000000001111100000011111100000000000011111
1110000011111100000000000111111000001111111111111100000000000000001111100000111111110000000000011111
1110000111111110000000000111110011000011111111111100000000000000001111000111111111111100000000001111
1110001111111111000000000111100111100001111111000000000000000000000110001111111111111110000000000111
1110001111111111000000000011000111110000000000000000000000011000000000011111111111111111000000000011
1110001111111111000000000000001111110000000000000000000000111000000000011111111111111111000000000011
1110000111111110000000000000011111100000000000000001000001111100000000001111111111111110000001100011
1110000000111100000000000000111100000000000000000011100001111100000000000111110000000000000011110011
1110000000011000011000000000111000000000000000000111100001111100000000000001100000000000000011110011
1111000000000000111100000000000000000000001110001111000000111000000000000000000001100000000001100011
1111110000000000111100000000000000000000011111111110000000000000000000000000000011111000011000000011
1111111000000000111000000000000000000000111111111100000000000000000000000000000001111100111100000001
1111111000000001110000001000000000000000111110011000000000000000000000000000000000111100111110000001
1111110000000001110000011100000000000001111110000000000000110000000000000000000000011000111110000011
1111100000000001110000011110000000000011111110000000000001111000000000000000000000000000111100011111
1111000000000001110000011111000000000111111111110000000001111000000000000000000000000000011000111111
1110000000000011100000111111100000011111111111111000000001111000000000000000000100000000000001111111
1110000000000111100001111111110000111111111111111000000001111000000001100000000110000000000011111111
1111000000000111100011111111110000111111111111111000000001111100111111111000000100000000000011111111
1111000000000011000011111111110000011111111111111000000001111111111111111100000000000000000011111111
1111000000000000000001111111100000011111111111111000000001111111111111111111110000000000000001111111
1110000000000000000000000011100000001111111111110000000000111111100111110011111000000000000000111111
1110000000000000000000000001110000001111110000000000000000011111000011000001111000000000000000111111
1111000000000000000000000001110000001111100000000000000000001111000000000000110000000000000000111111
1111100000000000000000000001110000001111000000000000000000000111100000000000000000000000000000011111
1111110000000000000000000000111000011111000000000000000000000011110000000000000000000000000000001111
1111111111000000000000000000011100111110000000000000001110000011111000000000000000000000000000000111
1111111111100000000000000000011111111110000000000000011111000111111111100000000000000000000000000111
1111111111110000001100000000111111111111001111000001111111111111111111110000000000000011110000001111
1111111111111110011111111111111111111111111111100011111111111111111111111100000011111111111111111111
1111111111111111111111111111111111111111111111111111111111111111111111111111111111111111111111111111