50 100 45 5
1111111111111111111111111111111111111111111111111111111111111111111111111111111111111111111111111111
1111111111111111111111111111111111111111111111111111111111111111111111111111111111111111111111111111
1111100110000111111111111001111111100001111000111001111000111110001110000000110011110000000000001111
1111000000000000111111000000111111000000000000000000110000001100000000000000000000000000000000000111
1111000000000000011110000000011111000000000000000000110000000000000000000000000000000000000000000111
1111000000000000001100000000011110000000000000000000111000000000011000000000000000000000000000000111
1111000000000000000000000000011110000011100000000000111100000011111100000111100000000000000000000111
1111000000000000000000000000011110000111110000000000111100000111111110001111110000000000000000000111
1110000000000000000000000110001100000111110000000000111110000111111110001111110000000000000000000011
1100000000000000000000001111000000000111100001111000011111000011111100001111100000000000000011100011
1100000000000000001100001111000000001111000011111100001111100000000000001111000000000000000111110011
1000000000000000011110000110000000011110000011111110000111100000000000000110000000000000000111110011
1000000000000000111110000000000000011110000001111110000011000000000000000000000000000000000011100011
1000000000000001111111000000000000001100000000011100000000000000000000000000000000000000000000000011
1100000000000011111111100111110000000000000000000000000000000000000000000001110000000000000000000011
1100000000000111111111111111111000000000000011000000000001110000000000000111111000000000000000000011
1100000000000111111111111111111100000000000111111000000011111000000000001111111100000000000000000011
1100000000000111111001111100011100000000000111111100000011111111000000011111111100011000000000000011
1110000000000011111000111000001110000000000011111100000001100011100000011111111000111100000000000011
1111100000000001111000000000001110000000000000011000000000000001110000001111000000111110000000000011
1111110000000001111000000000001111000000000000000000000000000000100000000000000000011110000000000011
1111110000000001111000000100001111000000000000000000000000000000000000000000000000011110000000000011
1111100000000000110000001110000110000000011000000000000000000000000000000111000000001100000000000001
1111100000000000000000001110000000000000111100000000000000000000000000001111100000000000000000000001
1111000000000000000000000100000000000000111110000000000000000000000000001111100000000000000000000011
1111000000000000000000000000000000000000011100000000000000011100000000000111100000000000000000000011
1111000000000000000000000000000000000000000000000000000000111110000000000000000000000000000000000111
1110000000000110000000000000000000000000000000000000000001111110000000000000000000000011100000000111
1100000001111111000000000000000000000000000000000000000011111100000000111100000000000111100000000111
1100000001111111000000000000000000000000000000000011000111111100000001111110000000001111000000001111
1100000000001110000000000000000000000000000000000111100111111100000011111110000000001111000001111111
1110000000000000000000000000000000000000000000000111100011111100000011111110000000000110000011111111
1111000000000000000000000000000000001000001000000111100000011000000111111110000000000000000011111111
1111100000000000000000000000000001111100001100000011000000000000001111111111000000000000000011111111
1111100000000000000000000000000011111110001000000000000000000000011111111111100000001111000011111111
1111100000000000000000011000000011111111000000000000000000001100111100011111110000011111100111111111
1111000111100000000000111100000011111111000000000000000000011111111000001111110000011111111111111111
1111001111110000000000111110000001111110000000000000000000011111111000001111110000011111111111111111
1110001111111000000000111110000000110000000000000000000000011111111100000111100000001111111111111111
1100001111111000000000111100000000000000000000000000000000001111111100000000000000000111111111111111
1100000111111000000000000000000000000011000000000000000000000000111000000000000000000111111111111111
1100000011110000000000000000000000000111100000000000000000000000000000000000000000001111111111111111
1000000001100000000000000000000000001111100000000000000000000000000000000000000000001111111111111111
1000000000000000000000000000000000001111100000000000000000000000000000001100000000000111111111111111
1000000000011100000000000000000000000111100000000000000000000000000000011110000000000111111111111111
1100000001111111110000000011100000000111110000000000000000000000000000111111110000000011111111111111
1110001111111111111110000111111000000111111000000000000000001110000011111111111000000011111111111111
1111111111111111111111001111111100000111111110000000000000011111111111111111111100000111111111111111
1111111111111111111111111111111110001111111111000111111000111111111111111111111111111111111111111111
1111111111111111111111111111111111111111111111111111111111111111111111111111111111111111111111111111